17.5544 72.9043
18.2031 73.462
18.6617 74.466
19.0994 74.9122
19.6522 75.5815
20.8082 75.5815
21.2083 75.1353
21.6076 74.6891
22.4253 74.2429
22.8226 73.7967
23.2191 73.3505
23.6148 72.9043
24.0098 72.4581
24.833 72.235
24.5888 71.5657
24.1255 70.6733
23.6867 70.2271
23.2487 69.7809
22.8115 69.3347
22.3535 68.4424
21.9183 67.9962
21.4839 67.55
21.0503 67.1038
20.5974 66.2114
20.1658 65.7652
19.735 65.319
19.305 64.8728
19.0624 63.9804
18.0463 64.2035
17.2429 64.6497
16.8488 65.0959
16.4539 65.5421
16.0582 65.9883
15.2495 66.4345
14.8518 66.8807
14.4533 67.3269
14.0539 67.7731
13.6505 68.1077
14.0744 68.4424
14.7131 69.0001
15.1605 70.004
15.5909 70.4502
16.0221 70.8964
16.4541 71.3426
16.9031 72.235
17.4457 72.7928
