9.45637 65.319
10.2887 65.7652
11.1226 66.2114
11.9581 66.6576
12.7953 67.1038
13.4209 67.3269
13.6009 66.4345
13.9858 65.5421
14.3691 64.6497
14.7508 63.7573
15.1308 62.8649
15.5245 62.4187
15.8979 61.4148
15.6748 60.857
14.8532 60.6339
14.0255 60.1877
13.1994 59.7415
12.7806 59.2953
11.9573 58.8492
11.1356 58.403
10.3156 57.9568
9.49707 57.5106
8.68019 57.0644
8.26824 56.6182
7.25631 56.3951
7.06878 57.2875
6.67808 58.1799
6.28577 59.0723
5.88605 59.5184
5.49094 60.4108
5.09423 61.3032
4.59495 62.3072
5.31363 62.6418
5.72799 63.088
6.55269 63.5342
7.37899 63.9804
8.20689 64.4266
9.0364 64.8728
